Knoten:
[ 0  1  2  3  4  5  6  7  8  9 10 11 12 13 14 15 16 17 18 19 20 21 22 23
 24]

Kanten:
[[0, 2], [0, 3], [0, 5], [0, 7], [0, 9], [0, 10], [0, 11], [0, 14], [0, 16], [0, 17], [0, 18], [0, 19], [0, 22], [1, 2], [1, 4], [1, 7], [1, 8], [1, 9], [1, 11], [1, 12], [1, 17], [1, 18], [1, 19], [1, 20], [1, 22], [1, 23], [2, 4], [2, 6], [2, 8], [2, 10], [2, 13], [2, 18], [2, 20], [2, 21], [2, 23], [3, 4], [3, 5], [3, 12], [3, 15], [3, 18], [3, 21], [3, 23], [3, 24], [4, 5], [4, 7], [4, 8], [4, 11], [4, 15], [4, 16], [4, 19], [4, 22], [4, 24], [5, 6], [5, 10], [5, 11], [5, 13], [5, 14], [5, 16], [5, 17], [5, 20], [5, 21], [5, 22], [5, 23], [6, 8], [6, 9], [6, 10], [6, 11], [6, 14], [6, 15], [6, 18], [6, 20], [6, 21], [6, 22], [7, 8], [7, 9], [7, 10], [7, 11], [7, 14], [7, 15], [7, 18], [7, 19], [7, 20], [7, 22], [7, 24], [8, 11], [8, 12], [8, 14], [8, 15], [8, 16], [8, 17], [8, 19], [8, 20], [8, 22], [8, 24], [9, 10], [9, 11], [9, 12], [9, 14], [9, 15], [9, 16], [9, 17], [9, 19], [9, 20], [9, 22], [9, 23], [9, 24], [10, 14], [10, 15], [10, 17], [10, 18], [10, 19], [10, 21], [10, 23], [10, 24], [11, 13], [11, 15], [11, 16], [11, 22], [11, 23], [11, 24], [12, 15], [12, 17], [12, 18], [12, 21], [12, 22], [12, 23], [13, 17], [13, 19], [13, 21], [13, 23], [13, 24], [14, 15], [14, 16], [14, 17], [14, 18], [14, 19], [14, 24], [15, 18], [15, 19], [15, 21], [15, 22], [15, 23], [15, 24], [16, 18], [16, 19], [16, 20], [16, 21], [16, 22], [16, 23], [17, 18], [17, 19], [17, 20], [17, 23], [18, 19], [18, 24], [19, 21], [19, 23], [19, 24], [20, 22], [21, 23], [21, 24], [23, 24]]

Gewichte:
[[1. 1. 1. 1. 1. 1. 1. 1. 1. 1. 1. 1. 1. 1. 1. 1. 1. 1. 1. 1. 1. 1. 1. 1.
  1.]]
