Knoten:
[ 0  1  2  3  4  5  6  7  8  9 10 11 12 13 14 15 16 17 18 19 20 21 22 23
 24]

Kanten:
[[0, 3], [0, 6], [0, 7], [0, 10], [0, 16], [0, 17], [0, 21], [0, 24], [1, 2], [1, 8], [1, 15], [1, 16], [1, 17], [1, 24], [2, 4], [2, 5], [2, 12], [2, 15], [2, 17], [2, 22], [3, 4], [3, 6], [3, 8], [3, 10], [3, 12], [3, 13], [3, 14], [3, 20], [3, 23], [3, 24], [4, 10], [4, 16], [4, 23], [4, 24], [5, 6], [5, 10], [5, 13], [5, 14], [5, 20], [5, 23], [6, 11], [6, 14], [6, 17], [6, 22], [6, 24], [7, 8], [7, 11], [7, 13], [7, 14], [7, 15], [7, 16], [7, 20], [8, 9], [8, 12], [8, 14], [8, 16], [8, 17], [8, 18], [8, 19], [8, 20], [8, 22], [8, 24], [9, 11], [9, 13], [9, 16], [9, 22], [9, 23], [10, 11], [10, 14], [10, 15], [11, 13], [11, 20], [11, 21], [11, 22], [11, 23], [12, 13], [12, 14], [12, 15], [12, 19], [12, 20], [12, 21], [12, 24], [13, 14], [13, 15], [13, 16], [13, 21], [13, 24], [14, 16], [14, 17], [14, 24], [15, 17], [15, 19], [15, 20], [15, 21], [15, 24], [16, 20], [17, 21], [17, 22], [18, 20], [18, 24], [19, 21], [19, 23], [20, 21], [20, 22], [20, 23], [20, 24], [21, 22], [21, 24]]

Gewichte:
[[1. 1. 1. 1. 1. 1. 1. 1. 1. 1. 1. 1. 1. 1. 1. 1. 1. 1. 1. 1. 1. 1. 1. 1.
  1.]]
