Knoten:
[ 0  1  2  3  4  5  6  7  8  9 10 11 12 13 14 15 16 17 18 19 20 21 22 23
 24 25 26 27 28 29]

Kanten:
[[0, 1], [0, 6], [0, 8], [0, 9], [0, 11], [0, 12], [0, 15], [0, 23], [0, 24], [0, 25], [0, 27], [0, 28], [0, 29], [1, 9], [1, 15], [1, 16], [1, 17], [1, 23], [1, 25], [1, 27], [1, 28], [1, 29], [2, 3], [2, 5], [2, 6], [2, 7], [2, 9], [2, 13], [2, 23], [3, 4], [3, 13], [3, 15], [3, 17], [3, 18], [3, 20], [3, 21], [3, 22], [3, 23], [3, 25], [3, 28], [3, 29], [4, 7], [4, 8], [4, 10], [4, 11], [4, 14], [4, 17], [4, 18], [4, 21], [4, 22], [4, 24], [4, 26], [5, 6], [5, 10], [5, 12], [5, 13], [5, 15], [5, 16], [5, 17], [5, 19], [5, 21], [5, 24], [5, 27], [5, 28], [6, 7], [6, 8], [6, 10], [6, 12], [6, 14], [6, 15], [6, 16], [6, 18], [6, 23], [6, 24], [6, 26], [6, 29], [7, 8], [7, 18], [7, 25], [7, 29], [8, 9], [8, 13], [8, 14], [8, 17], [8, 20], [8, 21], [8, 24], [8, 25], [8, 26], [8, 27], [9, 12], [9, 13], [9, 14], [9, 15], [9, 21], [9, 23], [10, 11], [10, 14], [10, 19], [10, 21], [10, 22], [10, 25], [10, 27], [10, 29], [11, 14], [11, 18], [11, 21], [11, 26], [11, 27], [11, 28], [12, 15], [12, 16], [12, 18], [12, 21], [12, 22], [12, 24], [12, 25], [12, 28], [12, 29], [13, 16], [13, 23], [13, 27], [13, 29], [14, 17], [14, 20], [14, 23], [14, 24], [14, 29], [15, 18], [15, 21], [15, 22], [15, 29], [16, 18], [16, 19], [16, 20], [16, 25], [16, 27], [16, 28], [16, 29], [17, 22], [17, 24], [18, 20], [18, 22], [19, 20], [19, 29], [20, 21], [20, 23], [20, 24], [20, 27], [20, 28], [21, 22], [22, 23], [22, 24], [22, 25], [22, 26], [22, 27], [23, 24], [23, 26], [23, 27], [23, 29], [24, 25], [24, 29], [25, 26], [26, 27], [28, 29]]

Gewichte:
[[1. 1. 1. 1. 1. 1. 1. 1. 1. 1. 1. 1. 1. 1. 1. 1. 1. 1. 1. 1. 1. 1. 1. 1.
  1. 1. 1. 1. 1. 1.]]
