Knoten:
[ 0  1  2  3  4  5  6  7  8  9 10 11 12 13 14 15 16 17 18 19 20 21 22 23
 24 25 26 27 28 29]

Kanten:
[[0, 1], [0, 2], [0, 3], [0, 4], [0, 7], [0, 12], [0, 13], [0, 23], [0, 25], [0, 27], [0, 28], [1, 2], [1, 3], [1, 6], [1, 7], [1, 8], [1, 9], [1, 11], [1, 12], [1, 13], [1, 15], [2, 15], [2, 16], [2, 21], [2, 24], [2, 29], [3, 10], [3, 12], [3, 21], [3, 22], [3, 28], [4, 6], [4, 7], [4, 8], [4, 10], [4, 11], [4, 13], [4, 15], [4, 16], [4, 28], [5, 6], [5, 8], [5, 15], [5, 18], [5, 19], [5, 20], [5, 24], [6, 9], [6, 12], [6, 14], [6, 21], [6, 22], [6, 28], [6, 29], [7, 10], [7, 11], [7, 14], [7, 16], [7, 18], [7, 21], [7, 24], [7, 25], [8, 15], [8, 19], [8, 26], [8, 27], [9, 14], [9, 17], [9, 18], [9, 19], [9, 22], [9, 23], [9, 25], [10, 13], [10, 15], [10, 24], [10, 27], [11, 18], [11, 19], [11, 22], [11, 26], [11, 28], [12, 13], [12, 19], [12, 24], [13, 16], [13, 18], [13, 19], [13, 28], [14, 17], [14, 18], [14, 19], [14, 20], [14, 24], [14, 26], [14, 28], [15, 17], [15, 21], [15, 22], [15, 26], [16, 19], [16, 21], [16, 23], [19, 22], [19, 23], [19, 25], [19, 27], [20, 23], [20, 24], [20, 27], [20, 29], [21, 27], [21, 29], [22, 23], [22, 28], [23, 26], [23, 27], [23, 28], [25, 27], [26, 28]]

Gewichte:
[[1. 1. 1. 1. 1. 1. 1. 1. 1. 1. 1. 1. 1. 1. 1. 1. 1. 1. 1. 1. 1. 1. 1. 1.
  1. 1. 1. 1. 1. 1.]]
