Knoten:
[ 0  1  2  3  4  5  6  7  8  9 10 11 12 13 14 15 16 17 18 19 20 21 22 23
 24 25 26 27 28 29]

Kanten:
[[0, 3], [0, 4], [0, 6], [0, 8], [0, 9], [0, 10], [0, 14], [0, 15], [0, 16], [0, 18], [0, 19], [0, 21], [0, 23], [0, 24], [0, 25], [0, 27], [0, 28], [0, 29], [1, 5], [1, 7], [1, 9], [1, 10], [1, 12], [1, 13], [1, 15], [1, 16], [1, 17], [1, 19], [1, 21], [1, 23], [1, 25], [1, 28], [1, 29], [2, 6], [2, 7], [2, 8], [2, 10], [2, 15], [2, 16], [2, 17], [2, 18], [2, 19], [2, 22], [2, 23], [2, 27], [2, 28], [2, 29], [3, 4], [3, 5], [3, 6], [3, 8], [3, 9], [3, 11], [3, 13], [3, 15], [3, 16], [3, 19], [3, 20], [3, 23], [3, 25], [3, 26], [3, 27], [4, 5], [4, 6], [4, 8], [4, 10], [4, 11], [4, 12], [4, 13], [4, 14], [4, 15], [4, 16], [4, 19], [4, 22], [4, 29], [5, 9], [5, 10], [5, 13], [5, 14], [5, 16], [5, 17], [5, 19], [5, 20], [5, 22], [5, 24], [5, 26], [5, 27], [6, 7], [6, 8], [6, 11], [6, 12], [6, 13], [6, 15], [6, 17], [6, 20], [6, 21], [6, 22], [6, 23], [6, 24], [6, 25], [6, 29], [7, 8], [7, 10], [7, 11], [7, 13], [7, 15], [7, 16], [7, 18], [7, 20], [7, 21], [7, 22], [7, 23], [7, 24], [7, 25], [8, 9], [8, 10], [8, 13], [8, 17], [8, 19], [8, 22], [8, 24], [8, 26], [8, 27], [9, 13], [9, 14], [9, 16], [9, 17], [9, 18], [9, 22], [9, 24], [9, 25], [9, 27], [10, 11], [10, 15], [10, 16], [10, 18], [10, 20], [10, 21], [10, 22], [10, 23], [11, 14], [11, 15], [11, 16], [11, 17], [11, 18], [11, 19], [11, 20], [11, 21], [11, 22], [11, 25], [11, 27], [12, 13], [12, 15], [12, 17], [12, 18], [12, 19], [12, 24], [12, 26], [12, 29], [13, 14], [13, 16], [13, 17], [13, 19], [13, 23], [13, 24], [13, 25], [13, 27], [13, 28], [13, 29], [14, 15], [14, 16], [14, 18], [14, 19], [14, 20], [14, 21], [14, 27], [15, 17], [15, 18], [15, 19], [15, 21], [15, 23], [15, 24], [15, 27], [16, 17], [16, 22], [16, 23], [16, 24], [16, 25], [16, 27], [16, 28], [17, 18], [17, 21], [17, 22], [17, 24], [17, 25], [17, 26], [17, 27], [17, 28], [17, 29], [18, 19], [18, 23], [18, 25], [18, 28], [18, 29], [19, 20], [19, 21], [19, 22], [19, 23], [19, 24], [19, 27], [19, 28], [20, 22], [20, 24], [20, 29], [21, 22], [21, 23], [21, 26], [21, 27], [22, 24], [22, 26], [22, 28], [22, 29], [23, 24], [23, 29], [24, 25], [24, 27], [24, 29], [26, 29], [27, 28]]

Gewichte:
[[1. 1. 1. 1. 1. 1. 1. 1. 1. 1. 1. 1. 1. 1. 1. 1. 1. 1. 1. 1. 1. 1. 1. 1.
  1. 1. 1. 1. 1. 1.]]
