Knoten:
[ 0  1  2  3  4  5  6  7  8  9 10 11 12 13 14 15 16 17 18 19 20 21 22 23
 24]

Kanten:
[[0, 1], [0, 2], [0, 5], [0, 9], [0, 10], [0, 12], [0, 13], [0, 19], [1, 4], [1, 6], [1, 12], [1, 13], [2, 9], [2, 10], [2, 11], [2, 13], [2, 14], [2, 22], [3, 4], [3, 5], [3, 8], [3, 9], [3, 16], [3, 24], [4, 17], [4, 18], [4, 19], [4, 23], [5, 12], [5, 15], [5, 17], [5, 18], [6, 15], [6, 18], [6, 21], [6, 22], [6, 23], [7, 9], [7, 12], [7, 13], [7, 15], [9, 17], [9, 21], [9, 23], [10, 13], [10, 14], [10, 21], [11, 16], [11, 22], [12, 20], [13, 23], [13, 24], [14, 19], [15, 16], [15, 22], [16, 18], [16, 20], [16, 21], [17, 21], [20, 22], [22, 24]]

Gewichte:
[[1. 1. 1. 1. 1. 1. 1. 1. 1. 1. 1. 1. 1. 1. 1. 1. 1. 1. 1. 1. 1. 1. 1. 1.
  1.]]
